Reward over Episodes: Y = A*X + B
	A = -2.0868020868020877e-05
	B = 0.014423576423576424
max = 1.0
Win/Loss over Episodes: Y = A*X + B
	A = -3.0466807345967755e-05
	B = 0.027850059632671256
max = 1.0
target episodes = 1000
alpha = 0.5
gamma = 1.0
epsilon = 0.0
time limit = 10000
