Reward over Episodes: Y = A*X + B
	A = 0.0005243105243105244
	B = 0.6411068931068933
max = 1.0
Win/Loss over Episodes: Y = A*X + B
	A = 0.010026076192435705
	B = -0.7977335965380744
max = 1.0
target episodes = 1000
alpha = 0.1
gamma = 1.0
epsilon = 0.0
time limit = 10000
