Reward over Episodes: Y = A*X + B
	A = 1.3638013638013633e-05
	B = 0.010187812187812194
max = 1.0
Win/Loss over Episodes: Y = A*X + B
	A = 2.1510506055307043e-05
	B = 0.0006438577370746203
max = 1.0
target episodes = 1000
alpha = 1.0
gamma = 0.1
epsilon = 0.0
time limit = 10000
