Reward over Episodes: Y = A*X + B
	A = -1.2054012054012062e-05
	B = 0.015020979020979024
max = 1.0
Win/Loss over Episodes: Y = A*X + B
	A = 9.205498697471492e-06
	B = 0.005003848147617738
max = 1.0
target episodes = 1000
alpha = 1.0
gamma = 1.0
epsilon = 0.5
time limit = 10000
