Reward over Episodes: Y = A*X + B
	A = -3.4206034206034216e-05
	B = 0.028085914085914085
max = 1.0
Win/Loss over Episodes: Y = A*X + B
	A = -2.7646801264344326e-05
	B = 0.03541916126457912
max = 1.0
target episodes = 1000
alpha = 1.0
gamma = 1.0
epsilon = 0.0
time limit = 10000
