Reward over Episodes: Y = A*X + B
	A = -6.414006414006423e-06
	B = 0.0062037962037962075
max = 1.0
Win/Loss over Episodes: Y = A*X + B
	A = 3.907961907741053e-06
	B = 0.0014848004118459413
max = 1.0
target episodes = 1000
alpha = 1.0
gamma = 1.0
epsilon = 0.1
time limit = 10000
